1.000000000000000000e+00 0.000000000000000000e+00 0.000000000000000000e+00 0.000000000000000000e+00 9.000000000000000000e+00 0.000000000000000000e+00 0.000000000000000000e+00 1.000000000000000000e+00 0.000000000000000000e+00 0.000000000000000000e+00 0.000000000000000000e+00 0.000000000000000000e+00 0.000000000000000000e+00 0.000000000000000000e+00
7.000000000000000000e+00 3.000000000000000000e+00 0.000000000000000000e+00 0.000000000000000000e+00 9.000000000000000000e+00 0.000000000000000000e+00 0.000000000000000000e+00 0.000000000000000000e+00 1.000000000000000000e+00 0.000000000000000000e+00 0.000000000000000000e+00 0.000000000000000000e+00 0.000000000000000000e+00 0.000000000000000000e+00
0.000000000000000000e+00 7.000000000000000000e+00 5.000000000000000000e+00 0.000000000000000000e+00 9.000000000000000000e+00 0.000000000000000000e+00 0.000000000000000000e+00 0.000000000000000000e+00 0.000000000000000000e+00 1.000000000000000000e+00 0.000000000000000000e+00 0.000000000000000000e+00 0.000000000000000000e+00 0.000000000000000000e+00
0.000000000000000000e+00 0.000000000000000000e+00 7.000000000000000000e+00 7.000000000000000000e+00 9.000000000000000000e+00 0.000000000000000000e+00 0.000000000000000000e+00 0.000000000000000000e+00 0.000000000000000000e+00 0.000000000000000000e+00 1.000000000000000000e+00 0.000000000000000000e+00 0.000000000000000000e+00 0.000000000000000000e+00
0.000000000000000000e+00 0.000000000000000000e+00 0.000000000000000000e+00 9.000000000000000000e+00 9.000000000000000000e+00 0.000000000000000000e+00 0.000000000000000000e+00 0.000000000000000000e+00 0.000000000000000000e+00 0.000000000000000000e+00 0.000000000000000000e+00 1.000000000000000000e+00 0.000000000000000000e+00 0.000000000000000000e+00
0.000000000000000000e+00 0.000000000000000000e+00 0.000000000000000000e+00 0.000000000000000000e+00 9.000000000000000000e+00 1.100000000000000000e+01 0.000000000000000000e+00 0.000000000000000000e+00 0.000000000000000000e+00 0.000000000000000000e+00 0.000000000000000000e+00 0.000000000000000000e+00 1.000000000000000000e+00 0.000000000000000000e+00
0.000000000000000000e+00 0.000000000000000000e+00 0.000000000000000000e+00 0.000000000000000000e+00 9.000000000000000000e+00 7.000000000000000000e+00 1.300000000000000000e+01 0.000000000000000000e+00 0.000000000000000000e+00 0.000000000000000000e+00 0.000000000000000000e+00 0.000000000000000000e+00 0.000000000000000000e+00 1.000000000000000000e+00
2.718281828459045091e+00 1.000000000000000000e+00 1.000000000000000000e+00 1.000000000000000000e+00 8.103083927575384223e+03 1.000000000000000000e+00 1.000000000000000000e+00 4.618569010517572984e+06 1.247102644247893430e+07 3.011118644171617925e+07 6.410021041531279683e+07 9.188752415544009209e+07 0.000000000000000000e+00 0.000000000000000000e+00
1.096633158428458501e+03 2.008553692318766792e+01 1.000000000000000000e+00 1.000000000000000000e+00 8.103083927575384223e+03 1.000000000000000000e+00 1.000000000000000000e+00 7.077950479293473065e+06 1.911186701850892976e+07 4.614536329633196443e+07 9.823339959620054066e+07 1.408174282681361735e+08 0.000000000000000000e+00 0.000000000000000000e+00
1.000000000000000000e+00 1.096633158428458501e+03 1.484131591025765999e+02 1.000000000000000000e+00 8.103083927575384223e+03 1.000000000000000000e+00 1.000000000000000000e+00 9.183152622134845704e+06 2.479649270584946498e+07 5.987091607403323054e+07 1.274519659640540183e+08 1.827020939040148854e+08 0.000000000000000000e+00 0.000000000000000000e+00
1.000000000000000000e+00 1.000000000000000000e+00 1.096633158428458501e+03 1.096633158428458501e+03 8.103083927575384223e+03 1.000000000000000000e+00 1.000000000000000000e+00 1.174895092666638643e+07 3.172470843032782525e+07 7.659923437703266740e+07 1.630630142780503035e+08 2.337503046265795827e+08 0.000000000000000000e+00 0.000000000000000000e+00
1.000000000000000000e+00 1.000000000000000000e+00 1.000000000000000000e+00 8.103083927575384223e+03 8.103083927575384223e+03 1.000000000000000000e+00 1.000000000000000000e+00 9.699687233039170504e+06 2.619115088633012399e+07 6.323846874156159908e+07 1.346209977656486034e+08 1.929787915593055785e+08 0.000000000000000000e+00 0.000000000000000000e+00
1.000000000000000000e+00 1.000000000000000000e+00 1.000000000000000000e+00 1.000000000000000000e+00 8.103083927575384223e+03 5.987414171519781667e+04 1.000000000000000000e+00 9.795809136345619336e+06 2.646503949440124631e+07 6.392009627602585405e+07 1.360952566186013222e+08 1.951077784850269556e+08 5.987414171519778756e+04 0.000000000000000000e+00
1.000000000000000000e+00 1.000000000000000000e+00 1.000000000000000000e+00 1.000000000000000000e+00 8.103083927575384223e+03 1.096633158428458501e+03 4.424133920089204912e+05 2.235635637387797609e+07 6.059201793404394388e+07 1.466994019683170617e+08 3.128831583361101747e+08 4.490616362486342788e+08 1.338887376028029947e+06 4.424133920089207822e+05
