1.000000000000000000e+00 0.000000000000000000e+00 0.000000000000000000e+00 0.000000000000000000e+00 9.000000000000000000e+00 0.000000000000000000e+00 0.000000000000000000e+00 1.000000000000000000e+00 0.000000000000000000e+00 0.000000000000000000e+00 0.000000000000000000e+00 0.000000000000000000e+00 0.000000000000000000e+00 0.000000000000000000e+00
7.000000000000000000e+00 3.000000000000000000e+00 0.000000000000000000e+00 0.000000000000000000e+00 9.000000000000000000e+00 0.000000000000000000e+00 0.000000000000000000e+00 0.000000000000000000e+00 1.000000000000000000e+00 0.000000000000000000e+00 0.000000000000000000e+00 0.000000000000000000e+00 0.000000000000000000e+00 0.000000000000000000e+00
0.000000000000000000e+00 7.000000000000000000e+00 5.000000000000000000e+00 0.000000000000000000e+00 9.000000000000000000e+00 0.000000000000000000e+00 0.000000000000000000e+00 0.000000000000000000e+00 0.000000000000000000e+00 1.000000000000000000e+00 0.000000000000000000e+00 0.000000000000000000e+00 0.000000000000000000e+00 0.000000000000000000e+00
0.000000000000000000e+00 0.000000000000000000e+00 7.000000000000000000e+00 7.000000000000000000e+00 9.000000000000000000e+00 0.000000000000000000e+00 0.000000000000000000e+00 0.000000000000000000e+00 0.000000000000000000e+00 0.000000000000000000e+00 1.000000000000000000e+00 0.000000000000000000e+00 0.000000000000000000e+00 0.000000000000000000e+00
0.000000000000000000e+00 0.000000000000000000e+00 0.000000000000000000e+00 9.000000000000000000e+00 9.000000000000000000e+00 0.000000000000000000e+00 0.000000000000000000e+00 0.000000000000000000e+00 0.000000000000000000e+00 0.000000000000000000e+00 0.000000000000000000e+00 1.000000000000000000e+00 0.000000000000000000e+00 0.000000000000000000e+00
0.000000000000000000e+00 0.000000000000000000e+00 0.000000000000000000e+00 0.000000000000000000e+00 9.000000000000000000e+00 1.100000000000000000e+01 0.000000000000000000e+00 0.000000000000000000e+00 0.000000000000000000e+00 0.000000000000000000e+00 0.000000000000000000e+00 0.000000000000000000e+00 1.000000000000000000e+00 0.000000000000000000e+00
0.000000000000000000e+00 0.000000000000000000e+00 0.000000000000000000e+00 0.000000000000000000e+00 9.000000000000000000e+00 7.000000000000000000e+00 1.300000000000000000e+01 0.000000000000000000e+00 0.000000000000000000e+00 0.000000000000000000e+00 0.000000000000000000e+00 0.000000000000000000e+00 0.000000000000000000e+00 1.000000000000000000e+00
2.718281828459045091e+00 1.000000000000000000e+00 1.000000000000000000e+00 1.000000000000000000e+00 8.103083927575384223e+03 1.000000000000000000e+00 1.000000000000000000e+00 4.618569010517571121e+06 1.247102644247892871e+07 3.011118644171616808e+07 6.410021041531277448e+07 9.188752415544004738e+07 0.000000000000000000e+00 0.000000000000000000e+00
1.096633158428458501e+03 2.008553692318766792e+01 1.000000000000000000e+00 1.000000000000000000e+00 8.103083927575384223e+03 1.000000000000000000e+00 1.000000000000000000e+00 7.077950479293471202e+06 1.911186701850892231e+07 4.614536329633194208e+07 9.823339959620049596e+07 1.408174282681360841e+08 0.000000000000000000e+00 0.000000000000000000e+00
1.000000000000000000e+00 1.096633158428458501e+03 1.484131591025765999e+02 1.000000000000000000e+00 8.103083927575384223e+03 1.000000000000000000e+00 1.000000000000000000e+00 9.183152622134840116e+06 2.479649270584944636e+07 5.987091607403319329e+07 1.274519659640539438e+08 1.827020939040147364e+08 0.000000000000000000e+00 0.000000000000000000e+00
1.000000000000000000e+00 1.000000000000000000e+00 1.096633158428458501e+03 1.096633158428458501e+03 8.103083927575384223e+03 1.000000000000000000e+00 1.000000000000000000e+00 1.174895092666638270e+07 3.172470843032780662e+07 7.659923437703263760e+07 1.630630142780502439e+08 2.337503046265794337e+08 0.000000000000000000e+00 0.000000000000000000e+00
1.000000000000000000e+00 1.000000000000000000e+00 1.000000000000000000e+00 8.103083927575384223e+03 8.103083927575384223e+03 1.000000000000000000e+00 1.000000000000000000e+00 9.699687233039166778e+06 2.619115088633010909e+07 6.323846874156156927e+07 1.346209977656485438e+08 1.929787915593054891e+08 0.000000000000000000e+00 0.000000000000000000e+00
1.000000000000000000e+00 1.000000000000000000e+00 1.000000000000000000e+00 1.000000000000000000e+00 8.103083927575384223e+03 5.987414171519781667e+04 1.000000000000000000e+00 9.795809136345621198e+06 2.646503949440123886e+07 6.392009627602584660e+07 1.360952566186013222e+08 1.951077784850268960e+08 5.987414171519778756e+04 0.000000000000000000e+00
1.000000000000000000e+00 1.000000000000000000e+00 1.000000000000000000e+00 1.000000000000000000e+00 8.103083927575384223e+03 1.096633158428458501e+03 4.424133920089204912e+05 2.235635637387797609e+07 6.059201793404392898e+07 1.466994019683170319e+08 3.128831583361101747e+08 4.490616362486341596e+08 1.338887376028029947e+06 4.424133920089207822e+05
